0 1000
0.0025 999.964
0.005 999.927
0.0075 999.891
0.01 999.855
0.0125 999.818
0.015 999.782
0.0175 999.746
0.02 999.709
0.0225 999.673
0.025 999.636
0.0275 999.6
0.03 999.563
0.0325 999.527
0.035 999.49
0.0375 999.454
0.04 999.417
0.0425 999.381
0.045 999.344
0.0475 999.307
0.05 999.27
0.0525 999.234
0.055 999.197
0.0575 999.16
0.06 999.123
0.0625 999.086
0.065 999.049
0.0675 999.012
0.07 998.975
0.0725 998.937
0.075 998.9
0.0775 998.863
0.08 998.825
0.0825 998.788
0.085 998.75
0.0875 998.712
0.09 998.675
0.0925 998.637
0.095 998.599
0.0975 998.561
0.1 998.523
0.1025 998.485
0.105 998.447
0.1075 998.408
0.11 998.37
0.1125 998.331
0.115 998.293
0.1175 998.254
0.12 998.215
0.1225 998.176
0.125 998.137
0.1275 998.098
0.13 998.058
0.1325 998.019
0.135 997.979
0.1375 997.94
0.14 997.9
0.1425 997.86
0.145 997.82
0.1475 997.78
0.15 997.74
0.1525 997.699
0.155 997.658
0.1575 997.618
0.16 997.577
0.1625 997.536
0.165 997.495
0.1675 997.453
0.17 997.412
0.1725 997.37
0.175 997.328
0.1775 997.286
0.18 997.244
0.1825 997.202
0.185 997.159
0.1875 997.117
0.19 997.074
0.1925 997.031
0.195 996.988
0.1975 996.944
0.2 996.901
0.2025 996.857
0.205 996.813
0.2075 996.769
0.21 996.725
0.2125 996.68
0.215 996.636
0.2175 996.591
0.22 996.546
0.2225 996.5
0.225 996.455
0.2275 996.409
0.23 996.363
0.2325 996.317
0.235 996.27
0.2375 996.224
0.24 996.177
0.2425 996.13
0.245 996.082
0.2475 996.035
0.25 995.987
0.2525 995.939
0.255 995.891
0.2575 995.842
0.26 995.793
0.2625 995.744
0.265 995.695
0.2675 995.645
0.27 995.595
0.2725 995.545
0.275 995.495
0.2775 995.444
0.28 995.393
0.2825 995.342
0.285 995.29
0.2875 995.239
0.29 995.187
0.2925 995.134
0.295 995.082
0.2975 995.029
0.3 994.975
0.3025 994.922
0.305 994.868
0.3075 994.814
0.31 994.759
0.3125 994.704
0.315 994.649
0.3175 994.594
0.32 994.538
0.3225 994.482
0.325 994.425
0.3275 994.369
0.33 994.312
0.3325 994.254
0.335 994.196
0.3375 994.138
0.34 994.08
0.3425 994.021
0.345 993.961
0.3475 993.902
0.35 993.842
0.3525 993.782
0.355 993.721
0.3575 993.66
0.36 993.598
0.3625 993.536
0.365 993.474
0.3675 993.412
0.37 993.349
0.3725 993.285
0.375 993.221
0.3775 993.157
0.38 993.092
0.3825 993.027
0.385 992.962
0.3875 992.896
0.39 992.83
0.3925 992.763
0.395 992.696
0.3975 992.628
0.4 992.56
0.4025 992.491
0.405 992.422
0.4075 992.353
0.41 992.283
0.4125 992.213
0.415 992.142
0.4175 992.07
0.42 991.999
0.4225 991.926
0.425 991.854
0.4275 991.781
0.43 991.707
0.4325 991.633
0.435 991.558
0.4375 991.483
0.44 991.407
0.4425 991.331
0.445 991.254
0.4475 991.177
0.45 991.099
0.4525 991.021
0.455 990.942
0.4575 990.862
0.46 990.782
0.4625 990.702
0.465 990.621
0.4675 990.539
0.47 990.457
0.4725 990.374
0.475 990.291
0.4775 990.207
0.48 990.123
0.4825 990.038
0.485 989.952
0.4875 989.866
0.49 989.779
0.4925 989.692
0.495 989.604
0.4975 989.515
0.5 989.426
0.5025 989.336
0.505 989.245
0.5075 989.154
0.51 989.062
0.5125 988.97
0.515 988.877
0.5175 988.783
0.52 988.689
0.5225 988.594
0.525 988.498
0.5275 988.402
0.53 988.305
0.5325 988.207
0.535 988.108
0.5375 988.009
0.54 987.909
0.5425 987.809
0.545 987.708
0.5475 987.606
0.55 987.503
0.5525 987.4
0.555 987.295
0.5575 987.191
0.56 987.085
0.5625 986.979
0.565 986.871
0.5675 986.764
0.57 986.655
0.5725 986.545
0.575 986.435
0.5775 986.324
0.58 986.213
0.5825 986.1
0.585 985.987
0.5875 985.872
0.59 985.757
0.5925 985.642
0.595 985.525
0.5975 985.408
0.6 985.289
0.6025 985.17
0.605 985.05
0.6075 984.929
0.61 984.808
0.6125 984.685
0.615 984.562
0.6175 984.438
0.62 984.312
0.6225 984.186
0.625 984.059
0.6275 983.932
0.63 983.803
0.6325 983.673
0.635 983.543
0.6375 983.411
0.64 983.279
0.6425 983.145
0.645 983.011
0.6475 982.876
0.65 982.739
0.6525 982.602
0.655 982.464
0.6575 982.325
0.66 982.185
0.6625 982.044
0.665 981.902
0.6675 981.759
0.67 981.615
0.6725 981.47
0.675 981.323
0.6775 981.176
0.68 981.028
0.6825 980.879
0.685 980.729
0.6875 980.577
0.69 980.425
0.6925 980.272
0.695 980.117
0.6975 979.962
0.7 979.805
0.7025 979.647
0.705 979.488
0.7075 979.329
0.71 979.168
0.7125 979.005
0.715 978.842
0.7175 978.678
0.72 978.512
0.7225 978.346
0.725 978.178
0.7275 978.009
0.73 977.839
0.7325 977.668
0.735 977.495
0.7375 977.321
0.74 977.147
0.7425 976.971
0.745 976.793
0.7475 976.615
0.75 976.435
0.7525 976.255
0.755 976.073
0.7575 975.889
0.76 975.705
0.7625 975.519
0.765 975.332
0.7675 975.144
0.77 974.954
0.7725 974.764
0.775 974.572
0.7775 974.378
0.78 974.184
0.7825 973.988
0.785 973.791
0.7875 973.592
0.79 973.392
0.7925 973.191
0.795 972.989
0.7975 972.785
0.8 972.58
0.8025 972.374
0.805 972.166
0.8075 971.957
0.81 971.746
0.8125 971.535
0.815 971.322
0.8175 971.107
0.82 970.891
0.8225 970.674
0.825 970.455
0.8275 970.235
0.83 970.014
0.8325 969.791
0.835 969.566
0.8375 969.341
0.84 969.114
0.8425 968.885
0.845 968.655
0.8475 968.424
0.85 968.191
0.8525 967.957
0.855 967.721
0.8575 967.484
0.86 967.245
0.8625 967.005
0.865 966.764
0.8675 966.521
0.87 966.276
0.8725 966.03
0.875 965.783
0.8775 965.534
0.88 965.283
0.8825 965.031
0.885 964.778
0.8875 964.523
0.89 964.267
0.8925 964.009
0.895 963.749
0.8975 963.488
0.9 963.226
0.9025 962.962
0.905 962.696
0.9075 962.429
0.91 962.161
0.9125 961.891
0.915 961.619
0.9175 961.346
0.92 961.071
0.9225 960.795
0.925 960.517
0.9275 960.237
0.93 959.956
0.9325 959.674
0.935 959.39
0.9375 959.104
0.94 958.817
0.9425 958.528
0.945 958.238
0.9475 957.946
0.95 957.653
0.9525 957.358
0.955 957.061
0.9575 956.763
0.96 956.463
0.9625 956.162
0.965 955.859
0.9675 955.555
0.97 955.249
0.9725 954.941
0.975 954.632
0.9775 954.321
0.98 954.009
0.9825 953.695
0.985 953.38
0.9875 953.063
0.99 952.744
0.9925 952.424
0.995 952.102
0.9975 951.779
1 951.454
