0 1000
0.0025 1000
0.005 1000
0.0075 1000
0.01 1000
0.0125 1000
0.015 1000
0.0175 1000
0.02 1000
0.0225 1000
0.025 1000
0.0275 1000
0.03 1000
0.0325 1000
0.035 1000
0.0375 1000
0.04 1000
0.0425 1000
0.045 1000
0.0475 1000
0.05 1000
0.0525 1000
0.055 1000
0.0575 1000
0.06 1000
0.0625 1000
0.065 1000
0.0675 1000
0.07 1000
0.0725 1000
0.075 1000
0.0775 1000
0.08 1000
0.0825 1000
0.085 1000
0.0875 1000
0.09 1000
0.0925 1000
0.095 1000
0.0975 1000
0.1 1000
0.1025 1000
0.105 1000
0.1075 1000
0.11 1000
0.1125 1000
0.115 1000
0.1175 1000
0.12 1000
0.1225 1000
0.125 1000
0.1275 1000
0.13 1000
0.1325 1000
0.135 1000
0.1375 1000
0.14 1000
0.1425 1000
0.145 1000
0.1475 1000
0.15 1000
0.1525 1000
0.155 1000
0.1575 1000
0.16 1000
0.1625 1000
0.165 1000
0.1675 1000
0.17 1000
0.1725 1000
0.175 1000
0.1775 1000
0.18 1000
0.1825 1000
0.185 1000
0.1875 1000
0.19 1000
0.1925 1000
0.195 1000
0.1975 1000
0.2 1000
0.2025 1000
0.205 1000
0.2075 1000
0.21 1000
0.2125 1000
0.215 1000
0.2175 1000
0.22 1000
0.2225 1000
0.225 1000
0.2275 1000
0.23 1000
0.2325 1000
0.235 1000
0.2375 1000
0.24 1000
0.2425 1000
0.245 1000
0.2475 1000
0.25 1000
0.2525 1000
0.255 1000
0.2575 1000
0.26 1000
0.2625 1000
0.265 1000
0.2675 1000
0.27 1000
0.2725 1000
0.275 1000
0.2775 1000
0.28 1000
0.2825 1000
0.285 1000
0.2875 1000
0.29 1000
0.2925 1000
0.295 1000
0.2975 1000
0.3 1000
0.3025 1000
0.305 1000
0.3075 1000
0.31 1000
0.3125 1000
0.315 1000
0.3175 1000
0.32 1000
0.3225 1000
0.325 1000
0.3275 1000
0.33 1000
0.3325 1000
0.335 1000
0.3375 1000
0.34 1000
0.3425 1000
0.345 1000
0.3475 1000
0.35 1000
0.3525 1000
0.355 1000
0.3575 1000
0.36 1000
0.3625 1000
0.365 1000
0.3675 1000
0.37 1000
0.3725 1000
0.375 1000
0.3775 1000
0.38 1000
0.3825 1000
0.385 1000
0.3875 1000
0.39 1000
0.3925 1000
0.395 1000
0.3975 1000
0.4 1000
0.4025 1000
0.405 1000
0.4075 1000
0.41 1000
0.4125 1000
0.415 1000
0.4175 1000
0.42 1000
0.4225 1000
0.425 1000
0.4275 1000
0.43 1000
0.4325 1000
0.435 1000
0.4375 1000
0.44 1000
0.4425 1000
0.445 1000
0.4475 1000
0.45 1000
0.4525 1000
0.455 1000
0.4575 1000
0.46 1000
0.4625 1000
0.465 1000
0.4675 1000
0.47 1000
0.4725 1000
0.475 1000
0.4775 1000
0.48 1000
0.4825 1000
0.485 1000
0.4875 1000
0.49 1000
0.4925 1000
0.495 1000
0.4975 1000
0.5 1000
0.5025 1000
0.505 1000
0.5075 1000
0.51 1000
0.5125 1000
0.515 1000
0.5175 1000
0.52 1000
0.5225 1000
0.525 1000
0.5275 1000
0.53 1000
0.5325 1000
0.535 1000
0.5375 1000
0.54 1000
0.5425 1000
0.545 1000
0.5475 1000
0.55 1000
0.5525 1000
0.555 1000
0.5575 1000
0.56 1000
0.5625 1000
0.565 1000
0.5675 1000
0.57 1000
0.5725 1000
0.575 1000
0.5775 1000
0.58 1000
0.5825 1000
0.585 1000
0.5875 1000
0.59 1000
0.5925 1000
0.595 1000
0.5975 1000
0.6 1000
0.6025 1000
0.605 1000
0.6075 1000
0.61 1000
0.6125 1000
0.615 1000
0.6175 1000
0.62 1000
0.6225 1000
0.625 1000
0.6275 1000
0.63 1000
0.6325 1000
0.635 1000
0.6375 1000
0.64 1000
0.6425 1000
0.645 1000
0.6475 1000
0.65 1000
0.6525 1000
0.655 1000
0.6575 1000
0.66 1000
0.6625 1000
0.665 1000
0.6675 1000
0.67 1000
0.6725 1000
0.675 1000
0.6775 1000
0.68 1000
0.6825 1000
0.685 1000
0.6875 1000
0.69 1000
0.6925 1000
0.695 1000
0.6975 1000
0.7 1000
0.7025 1000
0.705 1000
0.7075 1000
0.71 1000
0.7125 1000
0.715 1000
0.7175 1000
0.72 1000
0.7225 1000
0.725 1000
0.7275 1000
0.73 1000
0.7325 1000
0.735 1000
0.7375 1000
0.74 1000
0.7425 1000
0.745 1000
0.7475 1000
0.75 1000
0.7525 1000
0.755 1000
0.7575 1000
0.76 1000
0.7625 1000
0.765 1000
0.7675 1000
0.77 1000
0.7725 1000
0.775 1000
0.7775 1000
0.78 1000
0.7825 1000
0.785 1000
0.7875 1000
0.79 1000
0.7925 1000
0.795 1000
0.7975 1000
0.8 1000
0.8025 1000
0.805 1000
0.8075 1000
0.81 1000
0.8125 1000
0.815 1000
0.8175 1000
0.82 1000
0.8225 1000
0.825 1000
0.8275 1000
0.83 1000
0.8325 1000
0.835 1000
0.8375 1000
0.84 1000
0.8425 1000
0.845 1000
0.8475 1000
0.85 1000
0.8525 1000
0.855 1000
0.8575 1000
0.86 1000
0.8625 1000
0.865 1000
0.8675 1000
0.87 1000
0.8725 1000
0.875 1000
0.8775 1000
0.88 1000
0.8825 1000
0.885 1000
0.8875 1000
0.89 1000
0.8925 1000
0.895 1000
0.8975 1000
0.9 1000
0.9025 1000
0.905 1000
0.9075 1000
0.91 1000
0.9125 1000
0.915 1000
0.9175 1000
0.92 1000
0.9225 1000
0.925 1000
0.9275 1000
0.93 1000
0.9325 1000
0.935 1000
0.9375 1000
0.94 1000
0.9425 1000
0.945 1000
0.9475 1000
0.95 1000
0.9525 1000
0.955 1000
0.9575 1000
0.96 1000
0.9625 1000
0.965 1000
0.9675 1000
0.97 1000
0.9725 1000
0.975 1000
0.9775 1000
0.98 1000
0.9825 1000
0.985 1000
0.9875 1000
0.99 1000
0.9925 1000
0.995 1000
0.9975 1000
1 1000
