0 1000
0.0025 999.973
0.005 999.946
0.0075 999.919
0.01 999.892
0.0125 999.865
0.015 999.838
0.0175 999.811
0.02 999.784
0.0225 999.756
0.025 999.729
0.0275 999.702
0.03 999.675
0.0325 999.648
0.035 999.621
0.0375 999.594
0.04 999.566
0.0425 999.539
0.045 999.512
0.0475 999.484
0.05 999.457
0.0525 999.43
0.055 999.402
0.0575 999.375
0.06 999.347
0.0625 999.32
0.065 999.292
0.0675 999.265
0.07 999.237
0.0725 999.21
0.075 999.182
0.0775 999.154
0.08 999.126
0.0825 999.098
0.085 999.07
0.0875 999.043
0.09 999.014
0.0925 998.986
0.095 998.958
0.0975 998.93
0.1 998.902
0.1025 998.873
0.105 998.845
0.1075 998.817
0.11 998.788
0.1125 998.759
0.115 998.731
0.1175 998.702
0.12 998.673
0.1225 998.644
0.125 998.615
0.1275 998.586
0.13 998.557
0.1325 998.528
0.135 998.499
0.1375 998.469
0.14 998.44
0.1425 998.41
0.145 998.381
0.1475 998.351
0.15 998.321
0.1525 998.291
0.155 998.261
0.1575 998.231
0.16 998.201
0.1625 998.17
0.165 998.14
0.1675 998.109
0.17 998.079
0.1725 998.048
0.175 998.017
0.1775 997.986
0.18 997.955
0.1825 997.923
0.185 997.892
0.1875 997.861
0.19 997.829
0.1925 997.797
0.195 997.765
0.1975 997.733
0.2 997.701
0.2025 997.669
0.205 997.636
0.2075 997.604
0.21 997.571
0.2125 997.538
0.215 997.505
0.2175 997.472
0.22 997.439
0.2225 997.406
0.225 997.372
0.2275 997.338
0.23 997.304
0.2325 997.27
0.235 997.236
0.2375 997.202
0.24 997.167
0.2425 997.133
0.245 997.098
0.2475 997.063
0.25 997.028
0.2525 996.992
0.255 996.957
0.2575 996.921
0.26 996.885
0.2625 996.849
0.265 996.813
0.2675 996.776
0.27 996.74
0.2725 996.703
0.275 996.666
0.2775 996.629
0.28 996.591
0.2825 996.554
0.285 996.516
0.2875 996.478
0.29 996.44
0.2925 996.401
0.295 996.362
0.2975 996.324
0.3 996.285
0.3025 996.245
0.305 996.206
0.3075 996.166
0.31 996.126
0.3125 996.086
0.315 996.045
0.3175 996.005
0.32 995.964
0.3225 995.923
0.325 995.881
0.3275 995.84
0.33 995.798
0.3325 995.756
0.335 995.713
0.3375 995.671
0.34 995.628
0.3425 995.585
0.345 995.541
0.3475 995.498
0.35 995.454
0.3525 995.409
0.355 995.365
0.3575 995.32
0.36 995.275
0.3625 995.23
0.365 995.184
0.3675 995.138
0.37 995.092
0.3725 995.046
0.375 994.999
0.3775 994.952
0.38 994.905
0.3825 994.857
0.385 994.809
0.3875 994.761
0.39 994.712
0.3925 994.663
0.395 994.614
0.3975 994.565
0.4 994.515
0.4025 994.464
0.405 994.414
0.4075 994.363
0.41 994.312
0.4125 994.26
0.415 994.208
0.4175 994.156
0.42 994.104
0.4225 994.051
0.425 993.997
0.4275 993.944
0.43 993.89
0.4325 993.835
0.435 993.781
0.4375 993.725
0.44 993.67
0.4425 993.614
0.445 993.558
0.4475 993.501
0.45 993.444
0.4525 993.386
0.455 993.329
0.4575 993.27
0.46 993.212
0.4625 993.152
0.465 993.093
0.4675 993.033
0.47 992.973
0.4725 992.912
0.475 992.851
0.4775 992.789
0.48 992.727
0.4825 992.664
0.485 992.601
0.4875 992.538
0.49 992.474
0.4925 992.41
0.495 992.345
0.4975 992.28
0.5 992.214
0.5025 992.148
0.505 992.081
0.5075 992.014
0.51 991.946
0.5125 991.878
0.515 991.809
0.5175 991.74
0.52 991.67
0.5225 991.6
0.525 991.529
0.5275 991.458
0.53 991.386
0.5325 991.314
0.535 991.241
0.5375 991.167
0.54 991.094
0.5425 991.019
0.545 990.944
0.5475 990.868
0.55 990.792
0.5525 990.715
0.555 990.638
0.5575 990.56
0.56 990.481
0.5625 990.402
0.565 990.322
0.5675 990.242
0.57 990.161
0.5725 990.08
0.575 989.997
0.5775 989.915
0.58 989.831
0.5825 989.747
0.585 989.662
0.5875 989.577
0.59 989.491
0.5925 989.404
0.595 989.316
0.5975 989.228
0.6 989.14
0.6025 989.05
0.605 988.96
0.6075 988.869
0.61 988.777
0.6125 988.685
0.615 988.592
0.6175 988.498
0.62 988.404
0.6225 988.309
0.625 988.213
0.6275 988.116
0.63 988.018
0.6325 987.92
0.635 987.821
0.6375 987.721
0.64 987.62
0.6425 987.519
0.645 987.417
0.6475 987.314
0.65 987.21
0.6525 987.105
0.655 986.999
0.6575 986.893
0.66 986.785
0.6625 986.677
0.665 986.568
0.6675 986.458
0.67 986.348
0.6725 986.236
0.675 986.123
0.6775 986.01
0.68 985.895
0.6825 985.78
0.685 985.663
0.6875 985.546
0.69 985.428
0.6925 985.309
0.695 985.189
0.6975 985.067
0.7 984.945
0.7025 984.822
0.705 984.698
0.7075 984.573
0.71 984.446
0.7125 984.319
0.715 984.191
0.7175 984.061
0.72 983.931
0.7225 983.799
0.725 983.666
0.7275 983.533
0.73 983.398
0.7325 983.262
0.735 983.124
0.7375 982.986
0.74 982.847
0.7425 982.706
0.745 982.564
0.7475 982.421
0.75 982.277
0.7525 982.131
0.755 981.984
0.7575 981.837
0.76 981.687
0.7625 981.537
0.765 981.385
0.7675 981.232
0.77 981.078
0.7725 980.922
0.775 980.765
0.7775 980.607
0.78 980.447
0.7825 980.286
0.785 980.124
0.7875 979.96
0.79 979.795
0.7925 979.628
0.795 979.46
0.7975 979.291
0.8 979.12
0.8025 978.947
0.805 978.774
0.8075 978.598
0.81 978.421
0.8125 978.243
0.815 978.063
0.8175 977.881
0.82 977.698
0.8225 977.514
0.825 977.328
0.8275 977.14
0.83 976.95
0.8325 976.759
0.835 976.567
0.8375 976.372
0.84 976.176
0.8425 975.978
0.845 975.779
0.8475 975.578
0.85 975.375
0.8525 975.17
0.855 974.964
0.8575 974.756
0.86 974.546
0.8625 974.334
0.865 974.12
0.8675 973.905
0.87 973.688
0.8725 973.468
0.875 973.247
0.8775 973.025
0.88 972.8
0.8825 972.573
0.885 972.344
0.8875 972.114
0.89 971.881
0.8925 971.647
0.895 971.41
0.8975 971.172
0.9 970.931
0.9025 970.689
0.905 970.444
0.9075 970.198
0.91 969.949
0.9125 969.698
0.915 969.445
0.9175 969.19
0.92 968.933
0.9225 968.674
0.925 968.413
0.9275 968.15
0.93 967.884
0.9325 967.616
0.935 967.346
0.9375 967.074
0.94 966.8
0.9425 966.524
0.945 966.245
0.9475 965.964
0.95 965.681
0.9525 965.396
0.955 965.108
0.9575 964.818
0.96 964.526
0.9625 964.232
0.965 963.935
0.9675 963.636
0.97 963.335
0.9725 963.032
0.975 962.726
0.9775 962.418
0.98 962.108
0.9825 961.795
0.985 961.48
0.9875 961.163
0.99 960.844
0.9925 960.522
0.995 960.198
0.9975 959.872
1 959.543
