0 1000
0.01 997.502
0.02 995.004
0.03 992.505
0.04 990.007
0.05 987.509
0.06 985.011
0.07 982.512
0.08 980.014
0.09 977.516
0.1 975.017
0.11 972.519
0.12 970.021
0.13 967.523
0.14 965.024
0.15 962.526
0.16 960.028
0.17 957.53
0.18 955.031
0.19 952.533
0.2 950.035
0.21 947.536
0.22 945.038
0.23 942.54
0.24 940.041
0.25 937.543
0.26 935.044
0.27 932.546
0.28 930.048
0.29 927.549
0.3 925.051
0.31 922.552
0.32 920.054
0.33 917.556
0.34 915.057
0.35 912.559
0.36 910.06
0.37 907.562
0.38 905.063
0.39 902.565
0.4 900.066
0.41 897.567
0.42 895.069
0.43 892.57
0.44 890.072
0.45 887.573
0.46 885.074
0.47 882.576
0.48 880.077
0.49 877.578
0.5 875.08
0.51 872.581
0.52 870.082
0.53 867.583
0.54 865.085
0.55 862.586
0.56 860.087
0.57 857.588
0.58 855.089
0.59 852.59
0.6 850.092
0.61 847.593
0.62 845.094
0.63 842.595
0.64 840.096
0.65 837.597
0.66 835.098
0.67 832.599
0.68 830.099
0.69 827.6
0.7 825.101
0.71 822.602
0.72 820.103
0.73 817.604
0.74 815.104
0.75 812.605
0.76 810.106
0.77 807.607
0.78 805.107
0.79 802.608
0.8 800.109
0.81 797.609
0.82 795.11
0.83 792.61
0.84 790.111
0.85 787.611
0.86 785.112
0.87 782.612
0.88 780.113
0.89 777.613
0.9 775.113
0.91 772.614
0.92 770.114
0.93 767.614
0.94 765.114
0.95 762.615
0.96 760.115
0.97 757.615
0.98 755.115
0.99 752.615
1 750.115
1.01 747.615
1.02 745.115
1.03 742.615
1.04 740.115
1.05 737.615
1.06 735.115
1.07 732.615
1.08 730.115
1.09 727.615
1.1 725.114
1.11 722.614
1.12 720.114
1.13 717.614
1.14 715.113
1.15 712.613
1.16 710.112
1.17 707.612
1.18 705.112
1.19 702.611
1.2 700.111
1.21 697.61
1.22 695.11
1.23 692.609
1.24 690.108
1.25 687.608
1.26 685.107
1.27 682.606
1.28 680.106
1.29 677.605
1.3 675.104
1.31 672.603
1.32 670.102
1.33 667.602
1.34 665.101
1.35 662.6
1.36 660.099
1.37 657.598
1.38 655.097
1.39 652.596
1.4 650.095
1.41 647.594
1.42 645.093
1.43 642.592
1.44 640.09
1.45 637.589
1.46 635.088
1.47 632.587
1.48 630.086
1.49 627.584
1.5 625.083
1.51 622.582
1.52 620.081
1.53 617.579
1.54 615.078
1.55 612.577
1.56 610.075
1.57 607.574
1.58 605.072
1.59 602.571
1.6 600.069
1.61 597.568
1.62 595.066
1.63 592.565
1.64 590.063
1.65 587.562
1.66 585.06
1.67 582.559
1.68 580.057
1.69 577.555
1.7 575.054
1.71 572.552
1.72 570.05
1.73 567.549
1.74 565.047
1.75 562.545
1.76 560.044
1.77 557.542
1.78 555.04
1.79 552.538
1.8 550.037
1.81 547.535
1.82 545.033
1.83 542.531
1.84 540.029
1.85 537.528
1.86 535.026
1.87 532.524
1.88 530.022
1.89 527.52
1.9 525.019
1.91 522.517
1.92 520.015
1.93 517.513
1.94 515.011
1.95 512.509
1.96 510.007
1.97 507.506
1.98 505.004
1.99 502.502
2 500
