0 1000
0.01 997.498
0.02 994.996
0.03 992.495
0.04 989.993
0.05 987.491
0.06 984.989
0.07 982.487
0.08 979.986
0.09 977.484
0.1 974.982
0.11 972.481
0.12 969.979
0.13 967.477
0.14 964.976
0.15 962.474
0.16 959.972
0.17 957.471
0.18 954.969
0.19 952.468
0.2 949.966
0.21 947.465
0.22 944.963
0.23 942.462
0.24 939.961
0.25 937.459
0.26 934.958
0.27 932.457
0.28 929.956
0.29 927.455
0.3 924.953
0.31 922.452
0.32 919.951
0.33 917.45
0.34 914.95
0.35 912.449
0.36 909.948
0.37 907.447
0.38 904.947
0.39 902.446
0.4 899.945
0.41 897.445
0.42 894.944
0.43 892.444
0.44 889.943
0.45 887.443
0.46 884.943
0.47 882.443
0.48 879.943
0.49 877.443
0.5 874.942
0.51 872.443
0.52 869.943
0.53 867.443
0.54 864.943
0.55 862.443
0.56 859.943
0.57 857.444
0.58 854.944
0.59 852.445
0.6 849.945
0.61 847.446
0.62 844.947
0.63 842.447
0.64 839.948
0.65 837.449
0.66 834.95
0.67 832.45
0.68 829.951
0.69 827.452
0.7 824.953
0.71 822.455
0.72 819.956
0.73 817.457
0.74 814.958
0.75 812.459
0.76 809.961
0.77 807.462
0.78 804.963
0.79 802.465
0.8 799.966
0.81 797.468
0.82 794.969
0.83 792.471
0.84 789.972
0.85 787.474
0.86 784.976
0.87 782.477
0.88 779.979
0.89 777.481
0.9 774.982
0.91 772.484
0.92 769.986
0.93 767.487
0.94 764.989
0.95 762.491
0.96 759.993
0.97 757.495
0.98 754.996
0.99 752.498
1 750
1.01 747.502
1.02 745.004
1.03 742.505
1.04 740.007
1.05 737.509
1.06 735.011
1.07 732.513
1.08 730.014
1.09 727.516
1.1 725.018
1.11 722.519
1.12 720.021
1.13 717.523
1.14 715.024
1.15 712.526
1.16 710.028
1.17 707.529
1.18 705.031
1.19 702.532
1.2 700.034
1.21 697.535
1.22 695.037
1.23 692.538
1.24 690.039
1.25 687.541
1.26 685.042
1.27 682.543
1.28 680.044
1.29 677.545
1.3 675.047
1.31 672.548
1.32 670.049
1.33 667.55
1.34 665.05
1.35 662.551
1.36 660.052
1.37 657.553
1.38 655.053
1.39 652.554
1.4 650.055
1.41 647.555
1.42 645.056
1.43 642.556
1.44 640.057
1.45 637.557
1.46 635.057
1.47 632.557
1.48 630.057
1.49 627.557
1.5 625.058
1.51 622.557
1.52 620.057
1.53 617.557
1.54 615.057
1.55 612.557
1.56 610.057
1.57 607.556
1.58 605.056
1.59 602.555
1.6 600.055
1.61 597.554
1.62 595.053
1.63 592.553
1.64 590.052
1.65 587.551
1.66 585.05
1.67 582.55
1.68 580.049
1.69 577.548
1.7 575.047
1.71 572.545
1.72 570.044
1.73 567.543
1.74 565.042
1.75 562.541
1.76 560.039
1.77 557.538
1.78 555.037
1.79 552.535
1.8 550.034
1.81 547.532
1.82 545.031
1.83 542.529
1.84 540.028
1.85 537.526
1.86 535.024
1.87 532.523
1.88 530.021
1.89 527.519
1.9 525.018
1.91 522.516
1.92 520.014
1.93 517.513
1.94 515.011
1.95 512.509
1.96 510.007
1.97 507.505
1.98 505.004
1.99 502.502
2 500
